updated_at,user_id,last_updated,created_at
2026-07-05 04:45:43,75184478,1783226743,2023-12-22 06:32:30
